#h0/c =0.25 alpha0=5 deg phase =90 degre
#Ct
#model
0.10590895265132312, 0.056807259454527054
0.20192233600324444, 0.08716617661968969
0.30145797424718646, 0.13289465679813442
0.40309844874784545, 0.19143465477035385
0.49759910777653865, 0.259406874176214
0.5878393997769442, 0.323123796005272
#Experiment
0.09175707188482206, 0.021825002534725718
0.13442968670789818, 0.03531785460813136
0.18281050390347764, 0.0428034066713982
0.23189090540403529, 0.05541417418635303
0.2831390043597283, 0.054340464361755825
0.33011659738416305, 0.05328500456250618
0.38059413971408296, 0.07700091250126702
0.4318909054040353, 0.05541417418635311
0.48884923451282575, 0.04747845483118704
#Analytique
0.10661867585927202, 0.057658927304065716
0.19615330021291696, 0.11881476224272518
0.4072837878941498, 0.5273142046030618
#Cp
#Model
0.10581339283181909, 0.06471594830438773
0.20263961502462824, 0.11638130713887229
0.3021735225435603, 0.22048348822478325
0.4029950932657673, 0.4081816720713225
0.49817061064732976, 0.6910081022567198
0.5890803891352236, 1.0722301532527205
#Experiment
0.08989061480718137, 0.06976449566524509
0.1341325290953268, 0.11202480784321114
0.1825267317746495, 0.15425108487043016
0.23367021829767526, 0.21284826940712667
0.2806406171707336, 0.2895124464655442
0.3296890510810888, 0.36452024618759055
0.38076446730261987, 0.48213438212020104
0.43184744689098353, 0.5931910790088208
0.48977716430469026, 0.7681260813251021
#Analytique
0.09889291217985685, 0.06477267355563338
0.20052376315316764, 0.1508248796951963
0.3902451476274664, 0.6623845404781941
0.39506112145821726, 0.686935229217286
#eta
#Model
0.10553778425286593, 0.9078846519288022
0.20187020966618077, 0.7876718185849119
0.3017181858491163, 0.6194764679799836
0.4022170139988598, 0.4869924621524041
0.49783366060682843, 0.38735985304364356
0.5899600937480203, 0.3137423196300755
#Experiment
0.09096883511750171, 0.33916355228985884
0.13526160765186535, 0.33732976499651623
0.18237157154620887, 0.29299106860074753
0.230825996072718, 0.2830050041173118
0.282122949262051, 0.2085465889656048
0.3299296889846076, 0.16010324950908988
0.37974282637613216, 0.1721131310571994
0.4317207195794007, 0.10727972382339933
0.4891952239184138, 0.0768844618990313
#Analytique
0.0903005637549884, 0.9185548235890291
0.20528441122442506, 0.8275590675872555
0.3071023627034901, 0.7513951352378543
0.4005748400582756, 0.7107572686387535
0.50440552353202, 0.6895546969025148
0.5957718375878887, 0.6749604104643064
#h0/c =0.25 alpha0=15 deg phase =90 degree
#Ct
#model
0.09960124597948397, 0.10877969094026804
0.19713262376086935, 0.19999391215235854
0.29951195754740917, 0.33378045192122335
0.3953468551193726, 0.5000091317714624
0.4981056647422305, 0.7275424373712676
0.5858396663859495, 0.962021977129986
#Experiment
0.07271325222967417, 0.03741794088699943
0.09618190488752698, 0.06619519668821094
0.12104873322036992, 0.1034832634921924
0.15514068001258155, 0.15773816167294058
0.2540154428401839, 0.27280456994429614
0.3052872956766136, 0.31668577574398576
0.3565530606654018, 0.3622715788832859
0.4112929573749203, 0.4351005002181481
0.4874499020871173, 0.5111559808029872
0.5802794322067434, 0.5188875473076497
#Analytique
0.0953762797163063, 0.09177024463001106
0.19784084336982663, 0.2016924216443277
0.3908722871028949, 0.5528881763852391
0.5907140030642168, 1.1972077072151146
#Cp
#model
0.10138888888888892, 0.15805759803921543
0.19861111111111113, 0.314736519607843
0.30138888888888893, 0.6257046568627452
0.3951388888888889, 1.1221660539215685
0.5, 2.002205882352942
0.5895833333333333, 3.0899356617647054
#Experiment
0.07361111111111113, 0.11455269607843088
0.0979166666666667, 0.14489889705882325
0.12361111111111113, 0.1884497549019601
0.15625, 0.22743566176470575
0.2548611111111111, 0.4679074754901955
0.30972222222222223, 0.6299325980392156
0.3583333333333333, 0.7744485294117646
0.4138888888888888, 0.9541053921568625
0.4902777777777778, 1.2877144607843138
0.5791666666666666, 1.753400735294118
# Analytique
0.10347222222222224, 0.15359987745097986
0.20069444444444445, 0.3014552696078431
0.39375000000000004, 0.9501378676470588
0.5097222222222222, 1.5608149509803924
0.5965277777777778, 2.123606004901961
#eta
#model
0.10205563651461752, 0.6320166404793499
0.198174757597714, 0.6229409035031302
0.3018260565157572, 0.533871190966597
0.39635765633013936, 0.44613011161495697
0.49863310348196344, 0.3688837690197261
0.5890306350899188, 0.31382853142070943
#experimebt
0.07329789226022324, 0.3380809717258391
0.09959701383178786, 0.48095544356972475
0.12288228733320856, 0.5354098654270432
0.1575488671611049, 0.6553727418527593
0.20309200296337296, 0.6250632973223808
0.2563236263870458, 0.5815823109424991
0.3101821171834929, 0.5060871264236809
0.35852743155340994, 0.4737090195631467
0.4139294814911303, 0.45808536793858334
0.49099509089576904, 0.40363338842167823
0.5798734867665856, 0.29914762319572097
#Analytique
0.09647733101039632, 0.6472910374247962
0.20178290850178687, 0.6654254149943419
0.4100461602338137, 0.5979655304356322
0.5973476183110403, 0.5693388584500909
#h0/c =0.75 alpha0=15 deg phase =90 degre
#Ct
#model
0.10253140391737624, 0.16488106601504332
0.1990760184796304, 0.29897292963231636
0.3015883318697263, 0.4556221602840669
0.4012179756404872, 0.6556297964949789
0.5009087090985453, 0.8886258638463591
0.5954450001909053, 1.1382230537207434
#Experiment
0.08977511358863734, 0.07648428849604805
0.13143446221984653, 0.17253254934901294
0.17601084341949524, 0.24377839715932942
0.2213852086594632, 0.34593562674201034
0.26747355961971675, 0.43364514527891235
0.31281356191058, 0.51724638234508
0.3560383337787789, 0.6586231911725398
0.4051238975220496, 0.7648276125386578
0.4564697796953152, 0.8916039861020959
0.49546981787636973, 0.9516246038715588
#Analytical
0.09658661372227102, 0.15469436065824105
0.20129815585506475, 0.2989271123668431
0.3887824061700584, 0.7404222824634414
0.5425604215188424, 1.3805505708067654
#Cp
#model
0.1030976066187334, 0.20279720279720215
0.19913326110509214, 0.38811188811188746
0.30087166354772, 0.6223776223776221
0.40421550280705215, 0.9965034965034965
0.5007042253521128, 1.5034965034965035
0.5952723333005023, 2.1468531468531475
#Experiment
0.09033290653008964, 0.13986013986013912
0.1334186939820743, 0.2307692307692305
0.17650940608687088, 0.3251748251748253
0.22242686890574215, 0.4265734265734267
0.2669999015069438, 0.5734265734265735
0.31293706293706297, 0.6888111888111887
0.3589727174234217, 0.874125874125874
0.40434846843297556, 1.0909090909090908
0.4574509997045209, 1.2937062937062938
0.4970993794937457, 1.4440559440559437
#Analytical
0.09814833054269675, 0.1888111888111884
0.1927459864079583, 0.35314685314685235
0.2987786861026298, 0.6363636363636366
0.40084704028366, 1.104895104895105
0.44911848714665625, 1.3776223776223775
0.4910371318822024, 1.63986013986014
0.5223283758495028, 1.8566433566433571
0.5529498670343742, 2.0979020979020984
0.5857382054565154, 2.377622377622378
#Eta
#model
0.10523843863833872, 0.7873005306854535
0.2013609215805921, 0.7807769826741371
0.3011223904883416, 0.7311625154860304
0.4017529261663061, 0.6623139365026535
0.499016290379246, 0.5930936927941419
0.5934357722675246, 0.53234592555611
#experiment
0.09155156154656902, 0.5404300955973447
0.13383998076958634, 0.7364212939849486
0.17816608420702276, 0.7562508089717277
0.2235091806734343, 0.7876148739853185
0.2676577726003587, 0.7705219947855996
0.3127678852092233, 0.7534254174294115
0.3570237236737486, 0.7586398180507019
0.4048556794437973, 0.707686618220817
0.4586416671289363, 0.6951720567297204
0.49505001756624334, 0.6681089476895768
#Analytical
0.09567130785303521, 0.7973373273423199
0.2177696418335459, 0.7937907952885488
0.31086333462768817, 0.7572788964701098
0.40491115179083226, 0.7192248664040978
0.5037998557718978, 0.688075294465709
0.5979290323773598, 0.6669440284018419
#h0/c =0.75 alpha0=15 deg phase =75 degre
#Ct
#model
0.10093457943925235, 0.17142857142857146
0.19813084112149532, 0.32727272727272744
0.29813084112149535, 0.4987012987012987
0.3981308411214953, 0.6883116883116884
0.5018691588785047, 0.935064935064935
0.5971962616822429, 1.2025974025974024
#Experiment
0.08878504672897196, 0.09870129870129873
0.11682242990654204, 0.19220779220779213
0.1747663551401869, 0.2779220779220778
0.2196261682242991, 0.3454545454545453
0.2626168224299065, 0.4285714285714285
0.3551401869158879, 0.6103896103896103
0.4514018691588786, 0.8155844155844155
0.4906542056074766, 0.8727272727272727
#Analytical
0.10560747663551401, 0.17662337662337657
0.1925233644859813, 0.30389610389610394
0.288785046728972, 0.4805194805194804
0.3635514018691589, 0.6493506493506495
0.4691588785046729, 0.9766233766233766
0.5738317757009346, 1.3688311688311692
#Cp
#model
0.10090090090090087, 0.22473092561588132
0.1990990990990991, 0.40706370086901045
0.29729729729729737, 0.6283345292194846
0.39819819819819824, 0.9168141592920351
0.5045045045045045, 1.3326317467910387
0.5990990990990992, 1.854851311488479
#experiment
0.08828828828828823, 0.1470780515028301
0.11711711711711709, 0.2350633819660366
0.17387387387387385, 0.32255441281989927
0.21981981981981985, 0.41731643147572317
0.26396396396396404, 0.5262696324643226
0.3558558558558559, 0.7193334927848198
0.40270270270270275, 0.8388583273539022
0.45585585585585586, 0.9936697759706604
0.49279279279279287, 1.1346089452284138
# Analytical
0.09189189189189187, 0.20719126205851848
0.1954954954954955, 0.37880889739296747
0.37117117117117115, 0.8535756995933985
0.47657657657657665, 1.304807462329586
0.5936936936936936, 1.9753009646814954
#eta
#model
0.10486096423017104, 0.7822805598755833
0.20001493001555207, 0.8016398133748056
0.29759502332814936, 0.786660031104199
0.3967825816485226, 0.74769766718507
0.5004118195956455, 0.6950992223950234
0.5949038880248834, 0.6419807153965785
#experiment
0.09095614307931568, 0.6597026438569207
0.11991539657853804, 0.830740902021773
0.17688833592534994, 0.8692777604976673
0.2222108864696734, 0.8320970451010887
0.26777729393468125, 0.8216186625194402
0.35393343701399693, 0.8557163297045103
0.40224447900466576, 0.8457754276827373
0.4530562986003111, 0.8096696734059098
0.49007527216174185, 0.7632472783825817
#Analytical
0.08944572317262826, 0.7943116640746501
0.1919253499222395, 0.8158307931570763
0.40250575427682744, 0.7743850699844479
0.5947421461897356, 0.7242699844479005
0.2904584758942457, 0.8052080870917574
0.4954251944012443, 0.7490637636080871


